[night2.jpg]
filters=finetune2=1,0.473684,0.000000,0.000000,00000000,0.000000;
moddate=9ba2bb4b0f87d201
width=3888
height=2592
textactive=0
